370101487
370175989
370319824
370594817
372244479
372933785
373291917
373299594
373596885
373715718
373805211
373932481
373933507
373938090
374076293
374165280
374354438
374454183
375820178
376251488
376384604
376902443
376955450
377039912
377190772
377504239
377553047
377828192
377971554
378156635
378183870
378248638
378335424
378662956
378994475
379940706
380348148
380916630
380923814
381016077
381448540
381498558
381640473
381645722
381660534
381674522
382226315
382300377
382665709
383666116
383833399
384301102
384423806
384431484
384437253
384450230
384798150
385160318
385166003
385295921
385299993
385330233
385475451
385478783
385493059
385527928
385702849
385905511
386158476
386426624
386568754
386671915
386729050
387059848
387459276
387559661
387716554
388260250
388262670
388356133
388800700
389066308
389068268
389426631
389555015
389669484
389744573
390239334
390285546
390474477
390594877
390607450
390673164
390845352
392044953
392364352
392623423
392699728
392814683
392885624
393168472
393272622
393392466
393443307
393463327
393534083
394049977
394274264
394382282
394535041
394627776
394736293
395067213
395108897
395796942
396104013
396366423
397173248
397284570
397336671
397645003
397984967
398136156
398225242
398307438
398634301
399306539
399449641
399639286
400175272
401577440
401620804
402120185
402280197
402410383
402745698
402909822
402974113
403332272
403992815
404376621
404422619
404469900
405199924
405253197
406800773
407091255
407308219
407347324
408561608
408898240
409098390
409185490
409305244
409463947
409890910
410522485
410806971
412174637
412278166
412323254
412351256
412439542
412606389
412769310
412947807
412991265
413124578
413772379
414330327
414555959
414895990
415316972
415446494
415498047
415573677
415729671
415891545
415970570
416322109
416683863
417092600
418696255
419143109
419502148
419534555
419692179
420661683
420799733
420982392
422148198
423263324
423279415
423345239
423413632
423491371
423607896
424287171
424395637
424406648
425363117
425963964
426985528
429001041
430526406
430555322
430701042
430972338
431648270
431701304
431718496
431795004
431852978
432379694
432797319
432813979
432954518
433731645
434512586
434744621
435197144
435806680
435840085
436063471
436106684
436550670
436865088
436884427
437165038
437321534
437450006
437476332
437486455
438735980
439419063
439789178
441307983
441737352
442175602
442945729
442985884
443137254
443384947
443619159
444723136
444838806
446204506
446697254
447921307
448227545
448359837
448835039
449572317
449947217
450631033
450742364
450890954
452025054
453136002
453607697
453685470
454986847
455037709
455150651
456156688
456168346
456292051
458226116
459225072
459469699
459474369
461757914
462100726
462160601
462347515
462484012
462892599
463049147
463110112
463302074
463627473
463937807
464692952
464853702
465519806
465577891
466480646
466577835
466624068
466646155
466843715
467130927
467482719
467525818
467703710
468611376
468627030
468673517
468801318
469291680
469404790
469625364
470310936
470387003
470789650
471306605
471421416
471741879
471814463
471997253
472306739
472522284
472579981
472678071
472822409
472838430
473142731
473548058
474023012
474067097
474167919
474813108
474897403
474899818
475006262
475226341
475395982
475544028
476448192
476856679
477655599
478361805
478624170
478647430
478746322
478755432
478755881
479197767
479611214
479620734
479622177
479945163
479984327
480255057
480264785
480529909
481133713
481157895
481331460
481386500
481681917
481854430
481942123
482244452
482500905
483676870
484349823
484964070
485110214
485114234
485189330
485556942
485639538
485718323
485766212
485805444
485889694
486424228
486494374
486509288
486612901
487353755
487372046
487379232
487394993
487427021
487503634
487713649
488364222
488718290
488831447
489038747
489046545
489178260
489262095
489346758
489946906
490374654
490999062
491072260
491335379
491645442
492018654
492357131
492433868
492683208
492981569
493216616
493987734
494092442
494145462
494465036
494725634
495932716
496200258
496334521
496748960
496753476
497708187
497788691
497929211
498873783
498878504
499982745
500874286
500887024
500959308
501084573
501270879
501562955
502743770
503064702
503462295
505715745
505720242
506226708
506324000
507609828
507616416
507901307
508136627
508438021
509138503
509986134
510166971
510908411
511579631
512334746
513752992
514632068
514931480
515095292
515434087
515504201
515616934
515693842
515845926
516009578
516307044
516465137
516874970
517639396
517685300
518506117
518874899
519291113
519299760
519581331
519599606
519626513
519759168
519761412
519839080
521303693
521452889
521794416
522243009
522346392
522374228
522596398
523073777
523075494
523113175
523292797
523341448
523348030
524145691
524381955
524536151
524646282
524716949
524860808
525182118
525275935
525328608
525671253
526174085
526463709
526999862
527427186
527446333
527516283
527690365
529357363
529385910
529771925
529777672
531601248
531861993
532054445
532277737
532439297
532707768
532814870
533353861
533539531
534113236
534677755
534756259
535546728
536428919
537369272
537469783
538382753
538860326
539480897
540357774
541007327
541936175
542352530
543291601
543355120
543768376
543805055
544111105
544155649
545173168
545253762
545455373
545565734
545854982
545961215
546138439
546156558
546838361
546852743
549157905
549281418
549480618
549567951
550008812
550016507
550023084
550075383
550084951
550145770
550153895
550643609
550909892
551232247
551335311
551678738
552564317
552898977
554921789
555096547
555255580
556022761
556201430
556650732
556853293
556961800
557299278
557473955
557597872
557693635
557821526
557831255
557901106
557996780
558266859
558900259
559296377
559532993
559760535
559881720
560109403
560233722
560254721
561561361
562087217
562178422
562347532
562705633
562760587
562924339
563207319
563219479
563670176
563796084
563954200
564506500
564556205
564889740
565407898
566558948
566565206
566740930
567033192
567219925
567283757
568137605
568240779
568392370
568818502
568951611
569343908
569635336
570227944
570245381
570252884
570270794
572221878
573686663
573687250
573728438
574815772
574821520
575933278
576494914
577144693
577356569
577998089
578188147
579895075
579929003
579979674
579984963
580235697
581280545
581308169
581598127
582068924
582176516
582342005
583003165
583755014
583810951
584004088
584027985
584072514
584594820
585036561
585532954
585634527
586300387
586603663
587325803
587488658
587518071
587946529
588562842
588991266
589442435
590932522
592944647
593359532
593852499
594065708
594082346
594114918
594369181
594604598
594662275
594697421
594830961
595632721
595783462
596497578
596508998
597479308
597710210
598198498
598778418
599182399
599195093
599755262
600157661
600794399
601150126
601352070
601980454
602031101
602069446
602262492
602316414
602675953
602697805
602723962
603555994
603909581
605202716
606014167
606203196
606383871
606433671
606831269
607130861
607924487
608117029
608126751
608182396
608650516
609013220
609027688
609034617
610352820
612084545
612133488
612407717
613411683
613505098
614970421
615157718
616036596
616371015
617377003
617732367
618227912
618594402
618906668
619455055
619835257
619900614
620302044
621061306
621084525
621102047
621344357
625503023
625562583
625893414
626861007
627515644
627712674
628447076
628527676
630473307
630537126
630566603
631270878
631807000
631877522
632591463
633628196
634180201
635994229
636516465
636962266
637075930
637104969
637168164
703133203
703481138
703592762
704073977
704845628
705018008
705275829
706901922
707355979
707632691
708469729
709955942
711404984
712611548
714019988
714475741
714604284
714658189
714685201
714805724
714919466
715177339
716896583
717335397
717804815
719251372
721037773
721116454
721673240
722922746
726030248
726741948
728376637
728573803
730317007
730449264
730787521
731021767
731437776
732009704
734134776
734496889
734571126
734784122
738561462
738754314
738984542
741544718
742158895
743779722
744972272
747232945
747994351
751477046
752372401
753149594
755536812
755997416
756546012
757726286
758091193
758877476
759553381
759878202
761864635
763144754
763279082
764449200
769653960
770019912
771203461
771419244
771702902
773263722
773877666
776870010
778655809
784666716
785496589
786590436
787235622
787451516
789471756
789719732
792066325
792359461
793138922
794903594
796945009
799993741
804310927
805375477
809633540
815905536
817132640
817350516
817386235
817404097
819546817
819611556
820038854
823424137
823702081
830671700
831075116
831401887
833154295
833970313
834212232
836782280
837581497
837739586
838290691
839386620
843638576
845229918
845892529
846558746
847067598
847567986
849055202
850217376
850663808
853223076
853451736
853533690
855833420
856310972
857086448
858341911
858688338
858822907
859443846
859566661
860146598
861184892
861268352
863469714
866400704
868118912
869278046
869469308
871447016
873963188
874174346
874749901
875525064
883304630
885209749
885298098
886389264
886528454
887600210
888524431
888604021
889758912
890601722
891123049
895783477
897322807
898820180
901879674
901912556
902451548
902481068
903403734
903494484
905865306
909184910
912194280
915142940
916329746
920129234
920602110
920859618
921622508
924207338
924963926
926463619
927678482
928393794
929103145
929563922
929910642
929949523
930016369
930605442
932044670
932823804
935127458
935425632
935558348
936440490
937120484
937372776
937809457
940729416
942491521
943230883
945825758
949994797
950349433
950938471
951550951
953543340
958154761
958865954
959818848
959899976
960387156
960459715
960621343
961538448
962704752
964080949
965977867
966579258
971756749
973994510
975930314
975982315
976459843
978521743
979519692
980322924
985930728
986634522
987450608
989262956
989380824
989977477
991277016
1000566408
1004137434
1007188837
1009308300
1013581880
1017259579
1017306026
1018332385
1019494597
1022628716
1022650746
1022774730
1023025789
1026414050
1031261275
1037776201
1040321192
1040684023
1042550720
1049135887
1054428853
1054637942
1055307758
1057697419
1057925948
1059856386
1060273518
1062503029
1068585895
1070945318
1074185911
1074254630
1074383472
1074427668
1074927745
1076230315
1077011760
1077014474
1077047348
1080120162
1080546024
1081803674
1083816355
1088935897
1089642708
1089674654
1090065498
1090192220
1091097739
1091472864
1091864402
1091903449
1091946438
1092170514
1092247153
1092563018
1092631939
1092806024
1093338913
1095257737
1095630349
1096258513
1096471878
1096738039
1097659375
1099270308
1099474928
1099719613
1100349318
1100396150
1101447474
1102174784
1105553652
1109144466
1110960978
1111642430
1111841090
1111905618
1112754595
1114402484
1115872742
1115972413
1116319532
1116489336
1117134871
1118910456
1119749240
1120141856
1121771809
1125997147
1128653768
1129236434
1131288422
1131834690
1131939654
1133359819
1133832498
1134536322
1137010358
1137093331
1138701356
1139620578
1139963293
1140343489
1140661273
1144537230
1144984146
1146436734
1149139699
1149604261
1152227468
1153820738
1155099728
1156074421
1156731858
1157103151
1158465860
1158688974
1158860630
1164155095
1166167009
1166775416
1166917104
1168979785
1171927142
1172024492
1174426910
1174883316
1176836821
1179548120
1179616694
1179769350
1180275265
1180996674
1181729383
1183325401
1189511353
1191501019
1192886114
1193459142
1193939568
1195939598
1196241114
1198371396
1198738070
1199295902
1200097681
1201675340
1203763183
1205841320
1213783752
1218733820
1218999068
1219635253
1220799589
1222423748
1222724604
1223754996
1228243574
1229666150
1230072889
1239896988
1243344042
1243554302
1245535266
1245609331
1246012351
1248419810
1249547444
1249746632
1252019064
1252629217
1258292964
1259460726
1259545572
1259767670
1260585986
1261271610
1261790964
1266684470
1267201633
1267213003
1267420255
1269959696
1270086980
1270583630
1270606531
1273228627
1274308740
1276376587
1277659368
1278566791
1280541439
1280863628
1280925278
1283862055
1285672177
1286119988
1290546642
1291170715
1299123044
1302114582
1302130542
1302287886
1303189424
1304949331
1306527097
1306894802
1307609143
1307985474
1309053216
1310857806
1311213078
1311508922
1313929530
1317365388
1321315742
1321845397
1321995752
1324426158
1326411252
1328121782
1328809062
1329077162
1329103098
1331114209
1335067298
1338104395
1338622628
1338735722
1338766969
1341779568
1341803388
1342154232
1347255096
1347822103
1350363212
1350755520
1353034146
1353542263
1353843781
1354064779
1354919335
1357729350
1358767603
1358878178
1359770664
1361988170
1362003242
1362822786
1363932660
1367543593
1367895902
1370619716
1371984979
1374021468
1374829801
1375454810
1376949662
1377155491
1377221196
1377610525
1378135634
1378223564
1379541967
1380151435
1380654439
1382925980
1387872547
1389212732
1389505704
1390384116
1392751950
1395255806
1396202754
1397634276
1397953482
1397967324
1398059678
1398072853
1399251428
1399992792
1400653243
1407570500
1410422706
1413075979
1413602072
1416163730
1423185397
1425212498
1425606187
1426697155
1426968750
1427499925
1427789210
1427881358
1430858035
1432009771
1432560595
1433349841
1435185384
1436867796
1441987562
1442769823
1444038078
1444942626
1446734546
1447300423
1449298326
1449787490
1451381412
1451726976
1452052602
1452542412
1452559868
1454119388
1454263070
1454448584
1454638242
1459251756
1461760957
1467901676
1467943044
1468447856
1469223842
1469438582
1471579962
1471756897
1478783058
1479197137
1481705370
1482358002
1486571148
1488295302
1488576937
1491138330
1495991444
1499761044
1505214517
1512638407
1512659335
1513010694
1513231920
1520067697
1524922586
1525790016
1525799725
1528471530
1529659154
1530098930
1531446517
1532562788
1533242268
1533341258
1538167764
1538565698
1539768396
1542322404
1545239250
1546102728
1547177328
1547820864
1548242365
1548888572
1548896119
1549300710
1549717290
1549852284
1550292812
1550616374
1551021421
1553834900
1560989347
1561283274
1562823132
1563188911
1563452664
1563775153
1565245064
1565272849
1566003570
1568862062
1570447232
1572227275
1576542558
1577759408
1581195254
1581410960
1582703370
1583026873
1583263873
1583623717
1586733960
1597450291
1597555236
1598468599
1598548255
1599425761
1603196203
1604889823
1608970790
1609117092
1612405135
1616095800
1618005763
1618336321
1618527746
1621209841
1627303765
1628037037
1628286582
1631012118
1631762088
1635993300
1638652778
1640425676
1640578026
1647777271
1652433482
1653334914
1663231993
1664464753
1664671448
1665879877
1668608341
1668624612
1668741986
1670082384
1672352197
1673359058
1675180362
1675517996
1683726090
1686653371
1688195863
1688440442
1688446093
1695332083
1699129662
1702613838
1702680038
1705792339
1707052393
1708901246
1709741839
1710881768
1712250397
1725912180
1728097759
1728859032
1729554296
1732581300
1732979648
1735015016
1740332185
1745794902
1845101334
1847700169
1850250979
1850934373
1851286567
1851303692
1852226268
1853709613
1854982890
1855057388
1855340083
1857668864
1860428912
1863109874
1870319558
1871340188
1871786930
1875027068
1875643700
1876146559
1882003740
1883469002
1883487967
1894037930
1897160911
1898471814
1899460568
1900834488
1906908018
1907685601
1909262341
1910003683
1910610116
1919431434
1920011443
1920701377
1921309165
1923046902
1923709316
1924321370
1926091087
1930326127
1931852473
1931960364
1935405074
1940761508
1941696162
1944178428
1947613784
1949904764
1951737523
1953648950
1959068696
1959808608
1960236012
1962312146
1962393650
1962565610
1962819577
1963059090
1963351394
1964450323
1964995962
1965739602
1966030728
1966282008
1966545648
1966800948
1968883592
1971975858
1973895306
2149317684
2149548799
2151678194
2152040720
2152131446
2152914409
2154394375
2162873190
2164436584
2164494644
2164575990
2164940762
2170525551
2172494117
2173782786
2174261058
2175833305
2176745083
2178090587
2178331477
2178503209
2180209027
2180294947
2180735263
2182419998
2187182876
2188257990
2189884218
2190453884
2195846678
2199942170
2201017942
2202822810
2203739802
2203998661
2204089344
2204463980
2206651917
2207462204
2208324841
2215431157
2215899091
2217566270
2219583553
2224845647
2227151707
2228028978
2228476873
2229630295
2230147910
2231335632
2231524656
2231664847
2233295724
2238579824
2238981925
2239227733
2240544474
2242031131
2242276609
2242662217
2242671851
2248421466
2248643251
2248973779
2250476066
2251831996
2253369390
2254564640
2257342007
2257490594
2262577860
2264532299
2266776049
2269115984
2273467826
2274453464
2274497323
2274793465
2278311074
2278843428
2278983181
2279527093
2280380935
2282019908
2284821282
2288939704
2289396673
2289591614
2292360278
2292667296
2292957798
2292992208
2293029378
2294441228
2295634255
2300178547
2304859141
2307947444
2308458926
2308788532
2313686894
2313873648
2313888883
2317609923
2317771045
2319788975
2320481125
2320490503
2320884523
2320920733
2321008663
2321193120
2321250168
2322851134
2323129759
2324120551
2325503790
2325638366
2327640571
2329000008
2329149666
2330609348
2331690896
2331697160
2332004400
2333921408
2334554054
2336770008
2336865658
2337163580
2337273667
2338982797
2339077928
2339394207
2349435787
2349861805
2350972742
2351261395
2351664230
2352298558
2354087611
2356028701
2356435746
2358178650
2359937562
2361338544
2361364212
2361433795
2361882938
2362482211
2364476288
2364600998
2364630750
2365787874
2365959504
2367099877
2367454920
2369503294
2370443257
2371052365
2373814405
2373953672
2376462974
2376500000
2377522394
2377669957
2377760430
2378269344
2381215371
2381558467
2381839122
2381845596
2381925312
2382445063
2383502923
2383982977
2384206398
2384843142
2385277206
2388073669
2390085150
2390942347
2393369533
2395599260
2395870014
2396098350
2396988031
2398057291
2400371647
2400854382
2401316876
2401585183
2401705591
2407488865
2409379634
2409456481
2409481920
2409564648
2409595440
2410977194
2411020224
2413022749
2413438531
2414137304
2414197879
2414198389
2414227742
2414253055
2414263236
2416759351
2419627982
2420164788
2420835090
2421803304
2422079538
2422812582
2424100272
2424736675
2424754876
2425750418
2425982534
2426163144
2427266180
2427358199
2427454369
2427660650
2428670211
2430917840
2431684997
2431768075
2431851426
2432332789
2432475846
2433196682
2434703701
2437318394
2441492310
2443660795
2443926284
2445560534
2445661700
2447407723
2450976349
2451688812
2453609114
2454194042
2458106965
2458213466
2461812284
2462120000
2466515953
2469641375
2470266951
2474005363
2475187202
2476237272
2477967164
2478745052
2478871633
2480606245
2481572328
2481679652
2483384436
2483614757
2484308040
2485298605
2491264922
2491406376
2493059246
2493162745
2493287888
2493428234
2494055030
2494134248
2496387085
2497189490
2507687826
2508124447
2508375535
2512629805
2513705300
2514955818
2516426412
2518027934
2519066536
2521779135
2527044384
2527169064
2527503115
2527839499
2530952742
2532914635
2533193850
2535710880
2540018804
2540332878
2541180648
2541833882
2541967297
2543285882
2543645300
2544640633
2545984176
2549589654
2554513040
2555659756
2557115592
2557825400
2558506632
2559291272
2561105574
2561550751
2563391814
2563446200
2563718576
2565531330
2567361070
2570312682
2571288529
2573460619
2573802180
2575815344
2576909328
2576917562
2577171918
2577403879
2578902586
2582568361
2583686841
2587793395
2589002162
2589234077
2589930984
2590890271
2591062380
2591127822
2591374304
2591545213
2591672294
2592567656
2593425288
2595927204
2597233964
2599992109
2600359274
2600534958
2601338874
2601551870
2601865796
2602873628
2603533548
2609186976
2611669494
2612477096
2613137898
2613261414
2613280795
2614305713
2615692304
2617488822
2617616298
2617721648
2622703709
2624643211
2639783129
2646180888
2647012508
2647529989
2648826144
2649027468
2650996669
2651306293
2651419495
2654157891
2656494954
2660093266
2665291993
2666300786
2667032978
2687470626
2688313039
2688936596
2689152494
2690060996
2690167039
2691710851
2695577406
2707591167
2708199492
2710843223
2711996287
2715130891
2717685264
2719371602
2720347843
2722729170
2724631456
2726888456
2729249165
2734433930
2734539198
2737006695
2741535642
2742424584
2744237011
2745215191
2749147888
2750396930
2751010765
2752041931
2752740480
2753006348
2754628783
2755170108
2759207194
2761107514
2765686706
2765745306
2765968658
2766725598
2766782891
2768143462
2769764364
2769850379
2770252795
2774425537
2775260111
2775921642
2776330238
2776381418
2777390203
2781220245
2783617424
2784214700
2787440522
2787473145
2788025226
2789811498
2790330578
2790875799
2791747068
2791920306
2791998983
2792070528
2792089856
2792193878
2794302933
2795149670
2795481396
2797773853
2797980684
2798012077
2798074566
2798342354
2798731789
2799524248
2799525330
2799638302
2800042587
2800311323
2800388218
2800401086
2800462014
2800628111
2800656498
2800688213
2801710057
2801860536
2801992526
2801997228
2803380104
2804126606
2805547088
2805718664
2810515141
2811445971
2812975644
2815021344
2815514718
2816182981
2816547888
2817288511
2819117100
2819349423
2820399303
2821118873
2821128659
2821137508
2823826713
2824642824
2825705712
2826477487
2827073283
2827088730
2827403776
2827451902
2827452286
2827984268
2828101074
2828689328
2829367800
2829823008
2829885780
2830283785
2831464612
2831613849
2831650572
2831806672
2831812908
2831868560
2833261974
2836576345
2838084121
2838086740
2838092125
2838350991
2839756653
2839995197
2840795854
2841149591
2841179398
2841742377
2841958329
2842126324
2842854508
2843691612
2844985391
2845066180
2847857045
2847898224
2847971639
2847983717
2848176682
2849011597
2849285005
2849818186
2850690038
2851400957
2851586104
2854265399
2854822188
2854853394
2856889147
2857508239
2857617515
2857731232
2861619578
2861940806
2863183396
2863342683
2863622225
2863943583
2863964722
2865142715
2865325450
2865376023
2865649503
2865724725
2867433777
2867496136
2867695772
2870346081
2871125362
2872554463
2873753273
2875262303
2875264043
2875497003
2876424165
2876598490
2876637070
2876658261
2876935431
2877129797
2879506944
2879806710
2880674620
2880718971
2881037842
2881209425
2881221333
2882612166
2882738772
2882776720
2884603691
2885661375
2885704389
2886754007
2887191334
2887279383
2888469965
2890064586
2891213682
2891806203
2892794997
2893014168
2893155836
2893517855
2893904948
2894395667
2894680523
2894729044
2895540793
2895662472
2896149305
2896556782
2896642552
2900883611
2901466651
2902125267
2902258018
2902442823
2903783991
2903796119
2903951676
2905101335
2905264303
2906224485
2906420711
2909191459
2911893819
2912521716
2912887822
2914121889
2916169449
2916332273
2917272657
2917951464
2918813197
2926687722
2927197497
2929594473
2930920072
2931710121
2932567397
2933611968
2933868432
2935780581
2940610997
2945788263
2951793097
2959119691
2960031032
2967977002
2968519126
2969451503
2969723247
2971785291
2972815731
2973652348
2973952158
2974001300
2974407431
2976507305
2977011175
2978176221
2978229826
2978552165
2978868053
2979536716
2980852222
2981728005
2982029017
2982515154
2987467103
2987739652
2991299709
2991433396
2992938015
2992955039
2994373553
2994402106
2994488422
2997275538
2997344850
2999898171
3000292373
3000323869
3003558118
3007496336
3008264252
3009204360
3010361348
3010545361
3011512572
3012327713
3012999766
3014079903
3014466346
3014471790
3014523412
3016960118
3017005355
3017603992
3017638848
3017726534
3019342809
3021494812
3022755467
3026963697
3029706312
3029895576
3031406082
3031439726
3032147493
3033058514
3037878279
3038551122
3039888026
3039912390
3041176892
3042182500
3044648373
3044844970
3044847754
3044869941
3044967868
3045068825
3045898701
3046968550
3047908272
3048192134
3052875380
3054325480
3058495540
3058515723
3058532452
3062552712
3063131216
3063280280
3063972364
3064161598
3065563081
3066030549
3067943110
3068247761
3068264403
3069121409
3069381966
3072644993
3072821821
3073994413
3074999362
3075216339
3075625256
3075956949
3077035738
3077211996
3084180221
3084252665
3085081588
3086472507
3086907400
3087264603
3088158407
3088268404
3088453570
3088722974
3089028437
3091284501
3091286462
3091366552
3091723889
3092495398
3092698570
3092765541
3093611703
3094700680
3096826149
3096925240
3097763582
3099780857
3102728857
3103586811
3104929911
3106040443
3106074233
3107475689
3107535284
3107771679
3107779673
3107829804
3107881762
3108684626
3109762017
3110416142
3113640616
3114095230
3114441454
3116827615
3117456629
3119988407
3124429377
3130789167
3130938663
3139272220
3140904590
3141646314
3141780389
3141933257
3142603864
3145580831
3145661196
3147504093
3147596547
3148083437
3148083879
3153568366
3154500674
3158293134
3159197252
3166036043
3166044215
3168002001
3168168354
3168391899
3168995190
3169211846
3171197113
3175767687
3177725818
3178325892
3178337209
3179842813
3179845004
3180312098
3180673488
3182106758
3186256469
3186439734
3187139963
3190151489
3190478261
3191643896
3192402548
3192664429
3192874606
3192990508
3193164728
3193221427
3194386746
3194632524
3194689825
3194711274
3198129904
3198873405
3199466830
3201764127
3206865126
3211863971
3212008762
3214444259
3214949673
3216990017
3217661734
3219362467
3219773106
3219792173
3221446127
3221685813
3222381220
3223233204
3223633340
3224063099
3226078739
3226207767
3226323951
3227126546
3227401579
3228073546
3229066116
3229916658
3230625527
3232993338
3235240771
3235791072
3236083708
3238498924
3239961424
3240194494
3240234200
3240247259
3240399089
3240546875
3241532324
3241785471
3242391919
3245887795
3246176194
3247216258
3247626461
3248014564
3248076141
3248746134
3249600116
3249777876
3251189440
3252779747
3252851667
3252908588
3254575493
3256642323
3256765782
3257303575
3261691278
3262034171
3266496211
3269406100
3269450455
3274755726
3274885951
3276307908
3276828428
3281851268
3285909050
3290173556
3290380331
3290828983
3293576035
3297525331
3297530276
3297636040
3297869024
3297881443
3299037029
3299792309
3300429543
3300470351
3300510323
3300565720
3301023274
3301718724
3302152606
3302541575
3304875579
3306483416
3306642345
3307849335
3309162423
3309800590
3309902175
3310631632
3312074458
3313485261
3313645268
3314793849
3315044100
3315088283
3315246147
3315367872
3315375356
3316880277
3317477429
3317795038
3318188422
3319625430
3326805797
3327334967
3330244451
3332338432
3334873413
3340762473
3340791263
3341521786
3342497631
3342864317
3344310194
3345685649
3349201552
3350687699
3350817892
3355030553
3356074280
3357001923
3358469500
3362240103
3362674054
3363789857
3363862283
3364565824
3365784285
3366623753
3369295943
3370287333
3373607205
3377134096
3378395415
3378674074
3380406821
3381067473
3383238767
3384246513
3384549377
3385898818
3385969954
3386029809
3388010854
3389789998
3389852908
3391712434
3391723768
3392272696
3392736304
3394305983
3395503941
3395556173
3397145679
3401210841
3401387440
3404947163
3405678291
3414300316
3414725841
3416247011
3418496954
3420137045
3422562612
3427170051
3430063006
3430123282
3432860620
3432897749
3437667965
3437741500
3437936175
3437956941
3437972273
3437977829
3438867285
3440952733
3465934157
3478155501
3490249632
3493456034
3512872456
3514954275
3518785154
3523133295
3523878747
3529776386
3532240695
3556909111
3575623707
3576382156
3579890902
3600917674
3609483435
3609902423
3613464501
3651927325
3655022475
3670842988
3673016597
3682878853
3683834849
3685722676
3688660222
3692713641
3694781063
3727599372
3729482893
3741000316
3744699792
3750090732
3753644356
3762050794
3769477043
3790155612
3792535157
3794183055
3804079157
3805345096
3807567016
3812913855
3813016396
3817626498
3837462075
3837838637
3841379980
3843024315
3844728779
3863874973
3867597753
3869818277
3871288941
3872925105
3873029543
3873633132
3880260395
3880560625
3882872800
3883712133
3886461556
3886866013
3887143637
3888023794
3903306503
3904426454
3904473079
3905660594
3906364161
3910723829
3919621949
3930679690
3935535261
3957619949
3969366315
3971713461
3982940840
3984012681
3993809481
3995161763
3997337896
4004653822
4008901883
4010079443
4016155011
4019542341
4022015422
4024221239
4025078173
4026655048
4041203770
4045724049
4047075732
4053590895
4053693881
4053713447
4060973112
4061686334
4067447602
4067890498
4067952688
4071406678
4080688214
4085093240
4089270082
4095840801
4097745381
4099626701
4103558595
4106818073
4111268529
4118118406
4118692048
4118703615
4120023321
4126919536
4131480024
4136983760
4157525007
4162438635
4170203719
4170396916
4172126505
4172174487
4178872738
4180934621
4204804041
4208169923
4209072915
4211082460
4218748413
4231716587
4232525885
4257859233
4258004548
4260074967
4264466097
4276000288
4286191400
4287941782
4302201384
4348977555
4350063137
4353725626
4404740777
4408047862
4415544557
4419993196
4425095356
4447414521
4454646133
4458516912
4465482993
4480041567
4510200919
4517752100
4557422488
4558382782
4629967835
4633995028
4646323222
4649624359
4673396233
4685125466
4691884272
4704446481
4706621173
4709559948
4710764418
4718441891
4723805235
4745204772
4764490200
4764818773
4780720626
4780899949
4795069841
4803858639
4813060468
4814841321
4817153595
4817848522
4817933094
4818707199
4820622595
4824716915
4827286973
4830627549
4835065929
4838973737
4845852089
4846332309
4850743284
4851645612
4853393314
4860635361
4865510336
4866912965
4867631259
4869689740
4871656217
4872073005
4879690739
4885710724
4887592698
4888871638
4891303602
4891463471
4891820860
4894511561
4897341142
4901805765
4909660773
4912750730
4912915763
4917181034
4917246523
4917837625
4919798207
4919832430
4922038422
4923245314
4924340884
4924600289
695774238117117952
696629015935852544
700326983922798593
701559861838872576
701687244629749760
701801460594405376
701812753288200192
701850027103277060
702470319953547265
702511196159778820
702526938880057344
702613385943375872
702825432211709952
702875128254885889
703619739730493440
704288838970007552
704363213245120512
704781818956894208
704838642561261569
704917387678773248
705342399703293952
705399922342936576
705755098702602240
706146478994137088
706876997562146818
706877119624835072
707145639407128576
707179304241598464
707195092835041280
707247857552793600
708322081994317825
708960358615142400
709406999927242753
709729085279363073
709734583869247490
709766569300078592
709771447523155969
709784189122551812
709816036795817984
710902775396302848
711932477854638081
712052591128084482
712172634104995840
712275428493402113
712629370423287808
712982775834521600
713004338944348165
713108572314279936
713365335961763840
713853631573917697
714564905488134145
714744362043908102
714804980612333568
715176146564997120
715876119891808257
716815919264239617
717597838813868032
717749630524477440
717768677362237440
718163923237801984
718309288385650689
718542292844441602
718777881128599552
718868889896026112
718893174677057536
719629595234988032
719954608945291264
720357410561339393
720486743045222401
721212820432494593
722214536460173312
722506806304485376
723441125810282497
723485798499233793
723795516568559620
724245876223447040
724339223701016576
725494809872338944
726002979397099520
727170092048388096
727388686824935424
728167069578104836
728219084534337538
728547571858321408
728731567800094721
729612107726106624
729782628212191232
730047642898698240
730383047065886720
730477651924750337
730713551292272640
731762822451888129
732060916225867776
732114018287095812
732482653199290368
732646590385643520
732740320174080001
732955734246338560
733501589164560388
735027572170444800
735471622589689856
735515795200086017
735848674916327425
736848581764763648
737017958724210693
737317238018019329
737523574840299520
737550308360916992
737654066323558401
737949088805588992
738198824171102208
738364547162079237
739052971049132033
739695067527577600
740462723243380740
740627991063986176
740880600102506497
741221193315954689
742368254585249793
742678353543606272
742948328183324675
743718033743458307
744052033314000896
744606437092036609
744773018208043008
745140950079463428
745898612190752768
746201796960346112
746463894198063104
747571713886478336
747584901277323264
747735793037348864
747744491793166336
747825047314796544
747856999556194304
747884985902895105
748354599145218048
749827092183851008
750329688199946240
750688903229743104
750889168855830528
751465713622249472
752654508606394369
752854349420822528
753665337837686784
753986182216753152
755029300655562752
755033188423069696
755270065235202048
755391868129648640
755801410307063811
757510593389719552
757510818917412864
757511489527881728
757511489557233664
757511856252719104
757523989686280192
757552006969950208
757570188619440129
757879908303536128
758105031405101057
758247528685076481
760366147006980096
760398275379916800
760626380534976516
760799989996064768
761275152973914112
762950464736550913
763831746190254081
763836229955817473
764030577745944580
764081720375271424
764210211942981632
765213968340230148
765578421355163650
765581943383560192
765892965336289280
765968295799513088
766518747003621377
767340695061495808
767776394759774209
768091398646198272
768558289009258496
768774355736231936
769886356080168960
769913335403966464
770256598329597952
770279714334269440
770761615948079104
771020859867697152
771076398245093377
771312760336506881
771683130889601025
771986746175348737
773385593619382272
773573510866280448
773655954353164288
773888632398737409
774287984606769153
775203537819021312
775300574711574528
775333238466285568
775410779294093312
775571051426099200
776052044578848768
776084486756835329
776104957770510336
776691904855494656
776858936708362240
778131860484423680
778264892298170368
778947498996097025
779301933525983232
780206484453928960
780345399190126592
780345421528989696
780425677182906369
780442146662789120
780467485648695296
781861603876691969
782503281968967680
783303494962974720
783315976800448512
783385615110959104
783659757798322177
783873892452474880
784729786971262976
785784279259160576
786509525905997824
786646597279084544
786807807114752000
787184710816522240
787635301212680192
787697737370247168
788028778698072065
788776086804897793
789146967154782209
789181639825907714
789396298742894592
792017033974128640
793114362546384896
793300503035641856
793733195615330304
793830739951235072
794493612931350528
795512917831524352
795868565429620737
795869374477320192
796394572205039616
796815350704865284
797073166296346625
797148946267246593
798168800596283392
798797263388614656
798846404114268160
799246003878629377
799557232971173888
800656444328546304
800697254315032578
800701238807392256
800714554049064960
800825754992906249
801626237764370433
801769882882863104
801805913447366656
801929225687027712
803046749707173888
803274031222886400
803531903752171520
803984155486912512
804014111415738368
804041322013265920
804645307208310784
805776435088683009
806451120193339392
806548998677024770
806693760201555968
806755958328168448
806886162648465408
807243155661852672
809486601235664896
811154608081043456
811310689587499008
811531317351510016
811798441559031812
814646009477222400
815417980259418112
816279952035352577
816638484425441282
816728325259481092
817076861494841345
817078747530661890
818128311025074177
818414182521536513
818511859947044864
818653179479031808
818866366178414592
818871807180701696
819466225520676864
819967247645032448
821392418738229249
821392524334026752
821436631026638851
821478498443427840
821891665564733440
822293881802788865
822452615309066240
822705836707500035
823532881494425601
823937207211790338
824144964066181121
824694878978396160
824722362922860544
825370408379629568
826013351079706625
826013514921828352
826013536727998464
826013557615689728
826013584505315330
826397564681412608
826858224439685120
827561801730629632
828145109480964096
828808105290903556
828923198355939328
828964462531051520
829108462244093952
829252283003179008
829328904351600640
829628845200400384
830014520324128769
830110336724373505
831064874323148800
831459077427433475
831881848015958017
831968732830396416
832252858011627520
833465897922736129
833810542213132288
833925349641580546
833992621588635648
834065474853941248
834077613090029573
834136419958403072
834152821700358145
834154537397137408
834191003267371008
834385398801498112
834423420221784066
835132548703535106
836102172374880256
836341577849135104
836876063443660802
836877543093436416
836943722105352193
837021326581907461
837296822104260609
837651184282402816
838224838808358913
838744451824635905
839114611337150466
839224041986748416
839324147696164864
839419807577616384
839814129468715009
839860533926985729
839935177380007936
840082436033720321
840831873978884096
840924084745691136
842287604615667712
842327910564388864
842356491675938818
842368657820930051
842755982916812800
844067198628855808
844203779100696578
844927410059513857
844986916021919744
845297556729016322
845380463619457026
846285471659544576
846286451113431040
846635516313440257
846720334699081730
846753097170989056
847153012615380992
847209334136299521
847485306466992128
847539809027592192
847787315518951425
847825433710272515
848982233939685376
849242050235170816
849645092277284864
849947425896714241
850073991322771457
850242172980912129
850364771165769729
850378550846910466
850378575253569537
850707327061774336
851477821314793472
851800072622940161
851810965884510209
851823376410841092
852067227142692864
852581862245584897
852713658945683456
852796450081603586
853000405579694082
853855469407944704
853920852169154561
854514718731632640
855004544870342661
855412247136546818
855433168773632000
855487306190528513
857217757175316480
857226750325129216
857533585515044864
857534004534358016
857534349054545926
857534493514661888
857573355486154752
857587885268242432
858177077295566848
859478432819761152
860422335333093376
862358912921731074
863034560048648192
