11426
17253
46963
51063
58003
617383
657163
785236
794514
797383
806297
806715
807976
812493
812660
812663
818372
848901
894201
922821
1184951
1306771
1313991
1378531
1413181
1421831
1878911
2023311
2146491
2169831
2326481
2354881
2588351
2931231
3296271
3381461
3547541
3633291
3653521
3751441
3906851
3940081
4002321
4067601
4646261
4795281
4922631
5061731
5210961
5480792
5581192
5687172
5695362
5758352
5774172
5807302
5824182
5919342
5928922
5933902
6022802
6040172
6063202
6193422
6271162
6329712
6466842
6703822
6784642
6811992
6831832
6874722
6982552
7001342
7021362
7144142
7157052
7291462
7348682
7356002
7374452
7395752
7475972
7659482
7671962
7767362
7916112
7935222
8156132
8162302
8193462
8310902
8318422
8373812
8466822
8493582
8731592
8996372
9003562
9056092
9160872
9275862
9321922
9396782
9457532
9534292
9557372
9574522
9577222
9622042
9642782
9695382
9775002
9811602
9819862
9883462
9900492
9995642
10017682
10242822
10259052
10370302
10381452
10441042
10468292
10524882
10639042
10689892
10850802
10909812
11023652
11083092
11157492
11177012
11341982
11438262
11686912
11754732
11773952
11894742
11953522
11957802
12096842
12109242
12141052
12245742
12344242
12385722
12402972
12446212
12630192
12688862
12725812
12743832
12793542
12806342
12954062
13022992
13126372
13409972
13410842
13411512
13473242
13515992
13595552
13860052
13914202
13937862
14040952
14052481
14071029
14091355
14094787
14118179
14123354
14125237
14157696
14162565
14168932
14172899
14185648
14192936
14209678
14216447
14221345
14224607
14224879
14225681
14226613
14234583
14239806
14242041
14245361
14248194
14248201
14256250
14265641
14266839
14267790
14274482
14282515
14294545
14295433
14305837
14306430
14308421
14314900
14316872
14317294
14327396
14332281
14334197
14335579
14336535
14338788
14371175
14375390
14388771
14393899
14396124
14408904
14414945
14416085
14418272
14421169
14428260
14431335
14431350
14433164
14434096
14454735
14455628
14458339
14464823
14465750
14469604
14474054
14476296
14476917
14497592
14500993
14509698
14512541
14522285
14526542
14527624
14528356
14528570
14529289
14558319
14569227
14572545
14574094
14574121
14582359
14590971
14605786
14606621
14612921
14618805
14623681
14624434
14627516
14628772
14644021
14653229
14653629
14654205
14668470
14669339
14675122
14679233
14685667
14688999
14703534
14716770
14723181
14746910
14766809
14770018
14776893
14785230
14787080
14787883
14795188
14798721
14820197
14823168
14835427
14836919
14837564
14837880
14852395
14857350
14859608
14874501
14874721
14876025
14885917
14892839
14918970
14919781
14920829
14925268
14929828
14930644
14934225
14934983
14936275
14951645
14975892
14995454
15019113
15023025
15029325
15032891
15047169
15062692
15063831
15077810
15081235
15085733
15118870
15122137
15138267
15139141
15145371
15149316
15152306
15157891
15169067
15203049
15205902
15212333
15217445
15220119
15225823
15233613
15256638
15257999
15278961
15285543
15291829
15296708
15298609
15302228
15307412
15312135
15317069
15322422
15340006
15340501
15352945
15355316
15357220
15361286
15361712
15368554
15375789
15376416
15377678
15391520
15394205
15416148
15442689
15455443
15470791
15471769
15473433
15483484
15493657
15513633
15515943
15528190
15532708
15533517
15533521
15534975
15551528
15567647
15575398
15595877
15596001
15596343
15614886
15616564
15622683
15628478
15648510
15658250
15661880
15673818
15679165
15689199
15739763
15750747
15761918
15782538
15785146
15823394
15823941
15834716
15834734
15841386
15862437
15873048
15882366
15896837
15913868
15915288
15921123
15931638
15932310
15999249
16012926
16034848
16037026
16044517
16084026
16115013
16117700
16131189
16147157
16152624
16155382
16162271
16176456
16179709
16182017
16183851
16190152
16191392
16194807
16200583
16208819
16220911
16300400
16319797
16328393
16329756
16340571
16348214
16362921
16367473
16369594
16373950
16382685
16404893
16405153
16412518
16412831
16435881
16448171
16456881
16466130
16474675
16474930
16480185
16482802
16490115
16506571
16510643
16528347
16531970
16548008
16553250
16553985
16557787
16560178
16562584
16570650
16579450
16598272
16612859
16614487
16614690
16618579
16621606
16622936
16628632
16655704
16665473
16666220
16667757
16670563
16672776
16684164
16688189
16703742
16721863
16727583
16735131
16803245
16807355
16825105
16832366
16837088
16838234
16873855
16875846
16875941
16885610
16891293
16894111
16895584
16904101
16909136
16914411
16924602
16936556
16954994
16965547
16971255
16982393
16997929
17004958
17005717
17009574
17011245
17021140
17023003
17027529
17033050
17044220
17081441
17104208
17141812
17170506
17180806
17190972
17195902
17258075
17266392
17290360
17296646
17362689
17367417
17368381
17379987
17449320
17466386
17486636
17487372
17501242
17508707
17558642
17574854
17581003
17590715
17592861
17594806
17611388
17616312
17624061
17627366
17628257
17663011
17681796
17700010
17704355
17734245
17734942
17743283
17770846
17778540
17781082
17785358
17791557
17797404
17823298
17827166
17831248
17862942
17863599
17871078
17873445
17926951
17931543
17937371
17944692
17947813
17962905
17973668
17993404
17993913
17996481
18055720
18082764
18121833
18139172
18141839
18147364
18158166
18164733
18203844
18223492
18226757
18261163
18273518
18342196
18365499
18368124
18375051
18375466
18380890
18403046
18414167
18425644
18431747
18446576
18452824
18473668
18485089
18506923
18558896
18584870
18627094
18637502
18669239
18672725
18675680
18680079
18680330
18683645
18691802
18724355
18728423
18759623
18774733
18780514
18780594
18809456
18813944
18814778
18854990
18885806
18886551
18905157
18905167
18905169
18905920
18906040
18906101
18906627
18910015
18943522
18964984
18972580
18973739
18994444
18999006
18999367
19037368
19069538
19069605
19070025
19070317
19080039
19108013
19117015
19158282
19181872
19192379
19198154
19198185
19238612
19238777
19253380
19268290
19270038
19298220
19300830
19355833
19356877
19381870
19386204
19390135
19406260
19410833
19424799
19428988
19447854
19498675
19540019
19542204
19566119
19581681
19594738
19597908
19624884
19628418
19629681
19637006
19657015
19673820
19688728
19744411
19774102
19784482
19791535
19810994
19851282
19912012
19939862
19963002
19969946
19972274
19978581
19991096
20008017
20008974
20015389
20026915
20040079
20040565
20053684
20067139
20076949
20125837
20144015
20158009
20158464
20158998
20163710
20163762
20164211
20165906
20166917
20178240
20241166
20242248
20279146
20315952
20350147
20383093
20409043
20413378
20420266
20427347
20428562
20445688
20492827
20507582
20522053
20523741
20536375
20553453
20578685
20595353
20600672
20633932
20661294
20693776
20752116
20774476
20789657
20790972
20804400
20813153
20818084
20906040
20924605
20942771
20947210
20982787
20993764
21089084
21090315
21094029
21132950
21135750
21161521
21170421
21173733
21185475
21187556
21195330
21199027
21218416
21229836
21256880
21263797
21325030
21348077
21352000
21353875
21355316
21377448
21404801
21409816
21434850
21435789
21441630
21494434
21597433
21600306
21606243
21646881
21703632
21739289
21745134
21764817
21777714
21784883
21805253
21813710
21833175
21881151
21888204
21890826
21907105
21930006
21932625
21936143
21993980
21997573
22004821
22016684
22029105
22040980
22063434
22070583
22077443
22145868
22156787
22169155
22222833
22296248
22316164
22338925
22361774
22368966
22376713
22422066
22430312
22493195
22499034
22525718
22581388
22592488
22638216
22673267
22687770
22688243
22704993
22721641
22725812
22739175
22747821
22759835
22801141
22862179
22870519
22909849
22926775
22931286
22980248
23064653
23070640
23086576
23086665
23098250
23107082
23114081
23130611
23132285
23145658
23154217
23181277
23198969
23213840
23224326
23254385
23311775
23345556
23353665
23355550
23431311
23442383
23447814
23489716
23496307
23520329
23569784
23573371
23593496
23614524
23753593
23799172
23834237
23923468
23976323
23984573
23988572
24101893
24129057
24188138
24227230
24233908
24269332
24343042
24436926
24537879
24573700
24573927
24581276
24606602
24690628
24691158
24710264
24745694
24750550
24755557
24778532
24987895
25010597
25020767
25034332
25045725
25071586
25076305
25094494
25259725
25267700
25272784
25335540
25362979
25374027
25426566
25474289
25531850
25538436
25590067
25597288
25649945
25685399
25985392
25998618
26006381
26034234
26041691
26048757
26071018
26094566
26140393
26210178
26210871
26214759
26242619
26357225
26372235
26388412
26443917
26512559
26562541
26590797
26615361
26633660
26691911
26717570
26766901
26797501
26797510
26804960
26985396
26986447
27016688
27049781
27242693
27310424
27311066
27331981
27539677
27593766
27614734
27632481
27642433
27678663
27687581
27689602
27716695
27907112
27963300
28110939
28136265
28172650
28183109
28308636
28382545
28424393
28426214
28471065
28480056
28529983
28686060
28729478
28748501
28760818
28769189
28804732
28861332
28880141
28882889
28951170
28964665
28979404
29005683
29017249
29024989
29075074
29160189
29179337
29180891
29192763
29272694
29450968
29486275
29533641
29618168
29647488
29655431
29667982
29704444
29704949
29711786
29724179
29735775
29745014
29782259
29784023
29806475
29888879
29923378
29928453
29998130
30003045
30243715
30298828
30422627
30435737
30441312
30480695
30528790
30624140
30629439
30749175
30789270
30844474
30938386
31095444
31096362
31155311
31161424
31203794
31264936
31291342
31335223
31428811
31441086
31497265
31540097
31573010
31586171
31673104
31766885
31915193
32128746
32205230
32316162
32349956
32374524
32388127
32436206
32439614
32443993
32493946
32517666
32557823
32745672
32901460
32973960
32987772
32993154
33119104
33236932
33357204
33505187
33589020
33669077
33780561
33794734
33898753
33900758
33923756
33954460
34012405
34043021
34119657
34147458
34214132
34302969
34346969
34544914
34671139
34692535
34801083
34833296
34851964
34931516
34959536
35133911
35180085
35187253
35434393
35516061
35572276
35740287
35809438
35819948
35864376
35885192
35896418
35994528
36038588
36048732
36049309
36072955
36081410
36085722
36115140
36195083
36225575
36261432
36276154
36289955
36341082
36363646
36367947
36435659
36535693
36585214
36585584
36621647
36654053
36668879
36691322
36711522
36740214
36775257
36983118
37008539
37031464
37099368
37112506
37131720
37273333
37302404
37458616
37521456
37553752
37625014
37646611
37692206
37731230
37767346
37902322
37910879
37932345
37952098
38167287
38187092
38218888
38250654
38273706
38314821
38317721
38331372
38404444
38447390
38468396
38469676
38496741
38523355
38530765
38543331
38620435
38656766
38710568
38724877
38736617
38737968
38844806
38852182
38877917
38890214
38958479
39012708
39027443
39039991
39050193
39065636
39108077
39149005
39161293
39207336
39256758
39268717
39270232
39276143
39318325
39364106
39413322
39487149
39516904
39519879
39639652
39752358
39774815
39801870
39803904
39832784
39956863
39972179
39984970
39994420
40008390
40216575
40232985
40360884
40470694
40483836
40698929
40795883
40871309
40874549
40898793
41037032
41081827
41095489
41153256
41271729
41279424
41449156
41480561
41557382
41588029
41656920
41662215
41777310
41862019
41905309
41931257
42178928
42180214
42180784
42344632
42461895
42472716
42513821
42587792
42711961
42851876
42887776
42889135
42983672
43005939
43011197
43076327
43138606
43152485
43188128
43224382
43344079
43349406
43384259
43682927
43828277
43860986
43871286
43887121
43887711
43947333
43975346
44074943
44095661
44103681
44117645
44133022
44177263
44226394
44350812
44351279
44438721
44442335
44475867
44516173
44519653
44534577
44587878
44647344
44667998
44685715
44689868
44720820
44751181
44777137
44802032
44834210
44908555
44921065
44953327
44956334
44988042
45100493
45209649
45282308
45331710
45382786
45388551
45453046
45537393
45562805
45563639
45578087
45669455
45819808
45833204
45920160
45958082
46011506
46062123
46127393
46252146
46261266
46327638
46350552
46362770
46380197
46390931
46399995
46422816
46470688
46471725
46691201
46740678
46753559
47203701
47314880
47342086
47357671
47423720
47566275
47578877
47625781
47632504
47648161
47707747
47756776
47775795
47940205
47943440
47987908
48004689
48004836
48014116
48035831
48061562
48125938
48158414
48306638
48350834
48532970
48581139
48620238
48667261
48689824
48714516
48727291
48739151
48829677
48877879
49157979
49201653
49320694
49362635
49511410
49514067
49554264
49599828
49704463
49744501
49749552
49843183
49873900
49933317
49974408
50141592
50226127
50246323
50275134
50286714
50380207
50401358
50403150
50403506
50431754
50554664
50613583
50614907
50636347
50664803
50688540
50784295
50917206
51011091
51048260
51070415
51147988
51491558
51559611
51670354
51713994
52085275
52133924
52144234
52316631
52345676
52353551
52385736
52449437
52675345
52729667
52909209
53018982
53049642
53071353
53079849
53083223
53213683
53315074
53338074
53381092
53431708
53437508
53452040
53470415
53626579
53675903
53889262
53983876
53991960
54038345
54199447
54341461
54461973
54465918
54530915
54622885
54680379
54835163
54938849
54952321
54996027
55024567
55025513
55109107
55345174
55557496
55590311
55881399
55898137
55933647
55985872
56027573
56363630
56420473
56425922
56471929
56714117
56717522
56994988
57039864
57122933
57142733
57145023
57153296
57158676
57187577
57268221
57321377
57427164
57464746
57466391
57470626
57553508
57734890
58199952
58225301
58240293
58308322
58328654
58542017
58725462
58744036
58745031
58759547
58788487
58828929
58946043
59122844
59146074
59175970
59210149
59225033
59255578
59497882
59551502
59554346
59776453
60272377
60347389
60532885
60592929
60673764
60678488
60888510
60888541
60905074
61095670
61191694
61368860
61443881
61596589
61765483
61962149
62070961
62088977
62470056
62482314
62493927
62734394
62908808
62925329
63044259
63559578
63691677
63981736
64090907
64165215
64188850
64392399
64580783
64654737
64675657
64781301
64789499
64878246
65000581
65017508
65057697
65307650
65373309
65396745
65417478
65468945
65682778
65702825
65838037
65858877
65918869
66504902
66739237
66747077
66987410
67033081
67057747
67079128
67199936
67276156
67297959
67396917
67550588
67556922
67561421
67586685
67597472
67711194
67781222
67936420
68008817
68136228
68207783
68434399
68449292
68473179
68499817
68563271
68704559
68962838
68971853
69055944
69426619
69528517
69544650
69583972
69586765
69620527
69791520
69834930
69841656
69925571
70034583
70768389
70775223
70814694
70869548
70871704
71036276
71077298
71131576
71188082
71189026
71276004
71516124
71677760
71818032
72047391
72261425
72813996
73074613
73103222
73505843
73856029
73973168
74061186
74129889
74420122
74552299
74625067
74639968
74693405
74739102
74762461
74802982
74955519
74981677
75572007
75631525
75644697
75787028
76037813
76056005
76090554
76091487
76137146
76319905
76378420
76402590
76421062
76648310
76696346
76830245
76896845
76899070
77019863
77114394
77129818
77196560
77199717
77201383
77298003
77398112
77448197
77449588
77492468
77648978
77773457
77834474
77982798
78041171
78130449
78400970
78742904
78863069
78917642
78977243
79215440
79402488
79450122
79617570
80036947
80290466
80296190
80340263
80560814
80593931
80800403
80829640
80841549
80957124
81013704
81233569
81270650
81296132
81342414
81423352
81736179
81824795
81885522
81916912
82073577
82173996
82193676
82251214
82302191
82389978
82648540
82711971
83040379
83390273
83625318
83667710
83682665
83695730
83778721
83782819
83786313
84293701
84427380
84513810
84666943
84702072
84836476
84880498
85058409
85162023
85276760
85276963
85373372
85498021
85622586
85917099
85954594
86078869
86120813
86175581
86264629
86301974
86426992
86629833
86774426
87003637
87196881
87228551
87364573
87421477
87460993
87559451
87590415
87742926
87846641
87907126
87969776
87980027
88017875
88085241
88104355
88108409
88203545
88237811
89266137
89403407
89407895
89440968
89461556
89859180
90383665
90394995
90412278
90479231
90628651
90640559
90645166
90833340
90925424
90947411
91050931
91068264
91099431
91111189
91120621
91130291
91329057
91368887
91760390
92032109
92037419
92038858
92071084
92252162
92317875
92347130
92512954
92684785
92805314
92847125
92944713
93408457
93451622
93547740
93559535
93761369
93827631
93842473
93894118
93912821
94002510
94064728
94261707
94282946
94435327
95010745
95189646
95193007
95217142
95294351
95761474
95813068
95834406
95903475
95968979
96078452
96230368
96398499
96403503
96768701
97091135
97223305
97288586
97334013
97475199
97897385
97906597
97955630
98017629
98476789
98507061
98564917
98884581
98921882
99687167
99746491
99868362
99984653
100202045
100286454
100310564
100481477
100578161
100617346
100685757
100742985
101205834
101604716
101964473
102029426
102274071
102302643
102392745
102452563
102616051
102624652
102636725
102793506
102949243
103034068
103121500
103620764
103631409
103737956
103855610
103933259
103948469
104052384
104162935
104276728
104370520
104483044
104523978
104674678
105086021
105093293
105128096
105268070
105405579
105751612
105826635
106194745
106200494
106438138
106492455
106701264
106717235
106978164
107119652
107205088
107490271
107491845
108140508
108160841
108322454
108335735
108393002
108394723
108395776
108467358
108500760
108707521
108912901
109020390
109030126
109047880
109300298
109316915
109383068
109601245
109617652
109647224
109655688
109813602
110240818
110438667
110488812
110584068
110619565
110639748
110696978
110735531
110943660
110948244
110995991
111032507
111049967
111060374
111086827
111105572
111373558
111383170
111631188
111673162
111857613
112777971
112817864
112910650
113017541
113303874
113404957
113691792
113699915
114219354
114480433
114767538
114990921
115060176
115593321
115613747
115674359
116414215
116453143
116471139
116565980
116583614
116779541
116780369
116798809
116847635
117036371
117124112
117141270
117313119
118001948
118202647
118270102
118281070
118723116
118803543
118959145
119098414
119153617
119340222
119391494
119500750
119686143
119697072
119922225
120183336
120232203
120486568
120499199
120748937
120790320
120809301
121039855
121224418
121334025
121404602
121410352
121528014
121627229
121798668
122083599
122108708
122176748
122326605
122946586
122952264
123018288
123855102
123858767
123901110
123912662
124408295
125383331
125407783
125607222
125607867
125688805
125745667
126029831
126255656
126298412
126377126
126596541
126635959
126652676
126821898
126928925
127083439
127606299
127874732
128154108
128207263
128232398
128267918
128337294
128711440
129210554
129211186
129625718
129738090
129850838
130143267
130190115
130227170
130569012
130752695
130792002
130851667
130953705
131087812
131126744
131262527
131441956
131714710
131954674
132048721
132294103
132326422
132327160
132474483
132639906
132762263
132784678
133042409
133128801
133139522
133419062
133601069
133732275
133760945
133848408
133903460
134735038
134994129
135097471
135195359
135205370
135208395
135357942
136276958
136324487
136534697
136762236
136949761
137195002
137229087
137281506
137407445
137520267
137618840
137694592
137808477
137826568
138005317
138381615
138385420
138435045
138612249
138849899
139146904
139416222
139433444
139557721
139565796
139869030
139986056
140057034
140496809
140749280
140812525
140814713
140874336
140941908
141025850
141269304
141340621
141552732
142217387
142224139
142604231
142645942
142868402
142936302
142995842
143110015
143406182
143578940
144236415
145215551
145313943
145384848
145462171
145831958
146402662
146472864
146914627
147470258
147634883
147839410
147873995
147957180
147977005
148871764
148884790
149069150
149077120
149124324
149834865
150457846
150581262
150746315
150805375
150823187
151042403
151332371
152304199
152587834
152668869
152762076
153091340
153338318
153550425
153726372
154187984
154501827
154731409
154836011
155455145
155496327
155722146
155746054
155890165
155957333
155985029
156202222
156219859
156378110
156510376
156538577
156670489
156811899
157696393
158007693
158468362
158617023
158699522
159098514
159426296
159465774
160200163
160477602
160558701
160587159
160650253
161167666
161516152
161547192
163365539
163456468
163559563
163682151
163876875
163918983
164318235
164775233
164944172
164972615
165611003
165722650
165913647
166620878
166667340
166857011
167751293
167783983
167919704
167941307
168159533
168573804
168658750
169016831
169153117
169204466
169346293
169488128
169503761
169863016
170285534
171093616
171659418
172002570
172034085
172034201
172055653
172228790
172319628
172832482
173222463
173608461
173787102
174687551
174734024
174783969
174995051
175365522
175366678
175410520
175416340
176047132
176337128
176364194
176377992
176463583
176969706
177012673
177302986
177861908
177905052
177979870
178088717
178308203
178684844
178726475
178997063
179180960
179211273
179738951
179934027
179963016
180010811
180497628
180543238
180568239
180761136
181633381
181778051
182041167
182415928
182601047
182846757
182855005
182980233
183096466
183176056
183205830
183224464
185136434
185448786
185595933
185949815
186411305
186428941
186774245
187249455
187287591
187432261
187460069
187874332
187910345
187927017
188022199
188152921
188307988
188407454
188477773
188724465
188769064
189257106
189646522
190277420
190955672
191015640
191081301
191167369
191481638
191869175
192082858
192160041
192239251
192818491
192886025
192954268
193280077
193280969
193424625
193533979
193638175
193905093
194101556
194211816
194440251
194492602
194931094
195100976
195366222
195802463
196350875
196572176
196680078
196735098
197022012
197388200
197491388
197646535
197996296
198266287
198509258
198567500
198639504
198825403
198868827
199251018
199374708
199759889
199900036
200958489
201215983
201713037
201846344
201880740
202516490
202618133
202838071
202979865
203951741
204275285
204341845
204412577
204775066
205407906
205415448
205697134
205793364
205921301
206288714
206349732
206596218
207264331
207497940
207545876
207622829
207889135
208054866
208055031
208186119
208502475
208539116
208714195
209300857
209333689
209549957
210108412
210746279
210830455
210871290
210908695
211091635
211170262
211649032
211895344
212439886
212590886
212619594
213089753
213233876
213629787
214024392
214036676
214078482
214452016
214559587
215030197
215120401
215331849
215786554
216472993
216516303
216628623
216722105
216741996
216836015
217000391
217352186
217441566
217484965
217710482
217826040
217869625
218969321
219057300
219975742
220595976
220613037
220710716
220965941
220988055
221150267
221313231
221370308
221428402
221511517
221639199
221685907
221797767
221844048
222115718
222830226
223013440
223316384
223487375
224583307
224655736
224685712
224912517
225940923
226157899
226274994
226360364
226578249
226589117
226874732
227206844
227409346
227466382
227894810
228117613
228750599
228835786
229175606
229464529
230509729
230664111
230856912
230917231
231023404
231129112
231673318
231772305
231797287
232123429
232198471
232576393
232846639
233152679
233411116
233914762
234090378
234232347
234337798
234718444
234792172
234795254
234812177
236567299
237028702
237353630
237385838
237413764
237510685
237857552
237941903
237960086
238061771
238156527
238690899
238702140
238883829
238929435
239872292
240523612
242328447
242331839
242337730
242437520
242454521
242670729
242690411
242859004
242932619
243129398
244414984
244613570
245213023
245312303
245319335
245903296
245957294
246126439
246178056
246254900
246346708
246707627
247335262
247706926
247850191
248284832
248512746
248600631
248641777
248681160
248723806
248755187
248758662
249141011
249277558
249280190
249377774
249811372
249843881
249851146
250216176
250304993
250305664
250714683
250787549
251372955
251507990
251694827
251784912
252015762
252402513
252689496
252718146
252737400
252785226
252905610
253152670
253261994
253363252
253512087
253646577
253663760
253879498
254193770
254843511
255533730
255617879
255641937
255698340
255907201
255935439
256027305
256117379
256206578
256232559
256549670
256669964
256858997
256934989
257524399
257865290
257874006
258000917
258019944
258600605
258700856
258760147
258792974
258847511
258932921
259364171
259480899
259682171
259813431
259816325
259819760
259863369
259867029
260132593
260295621
260666346
260723783
260874833
260889714
260892039
260909325
261720786
261789369
261978465
262078459
262195792
262327893
262696015
262781315
262825229
262828811
263167935
263197801
263244980
263376539
263817173
263985760
264073122
265008516
265571661
265704752
265897864
266088566
266107705
266187850
266311602
266531257
266622573
266633929
266697874
266711065
266784600
266953814
267093210
267283568
267372072
267829489
267908574
268272837
268326130
268984439
269429361
269754810
269765917
269838354
269884084
270307212
270314949
270915619
271008966
271114459
271361706
272139369
272620697
273139653
273144377
273473549
273526295
273618064
273714383
274023150
274108611
274283791
274289109
274487612
274554569
274605766
274656383
274973095
274998601
275430494
275557799
275566920
275669418
276191783
276551044
276769777
277463427
277524875
277722244
278076080
279083549
279097061
279142166
279664462
280475813
280895855
280897296
281055204
281065427
281099810
281215474
281288090
281502641
281540151
281568241
281876059
282036152
282121267
282449020
283308530
283533519
283582251
283668954
283924010
284498017
285003709
285069938
285204535
285241358
285515081
285561626
285719172
285775094
285810387
286154592
286205275
286588511
287506426
287637964
288156347
288283701
288364814
288611832
288817178
288848750
289331404
289502013
289942524
289972681
291589958
291602003
291815624
291909526
291977500
292394679
292395049
292398892
292473704
292499636
293113326
293240971
293285062
293402204
293517490
293586474
293619437
293640834
293651458
294054800
294097126
294286112
294678858
295725308
296167417
296292719
296495882
296615500
296718528
296803870
296964406
297030127
297038535
297058200
297260955
297291640
297309932
297365583
297439026
297479540
297799990
298018728
298111421
298111561
298176524
298474140
299297640
299659464
299662227
299685250
299827766
299861241
300480728
300751933
300955028
300997996
301021187
301039103
301457222
301484048
301618003
301766041
301882857
301983582
302025062
302483071
302569835
302637682
302818838
303733787
303779543
303814622
303922176
303970140
303983597
303989901
304074827
304200105
304238886
304269432
304430258
304611761
304810553
304854326
305049907
305991028
306018045
306705939
307373757
308433988
308479130
308517011
308569807
308716947
308829784
309091339
309242225
309592847
309636029
309661804
309689901
309696405
310255622
310360347
310827413
310864862
311302567
312208933
312626710
312684394
312736586
313127356
313208664
313235365
313395080
313580852
313855752
313870469
313956456
314000418
314311154
314743305
314763537
314768331
315098273
315781235
316055584
316258778
316360086
316399782
316414381
316517184
317139028
317201791
317274663
317274729
317392961
317512851
317521053
317715040
317984877
318269388
318272761
318280789
318334747
318657173
318954261
319242450
319277640
319353736
319783467
321641832
322037103
322225798
322550136
322854330
323136328
323254539
323298339
323374897
323800262
324920322
325504687
325635773
326197163
326490163
326652002
326652279
327404452
327479977
328126159
329184408
329612371
329723776
329930480
329944019
330191507
330364514
330997238
331204884
331318245
331439961
331448491
331855732
331881765
332051680
332342078
332855922
333460834
333960711
334035923
334163663
334218469
334340865
335063017
335435867
335490411
335567276
335896230
336106557
336710863
337640721
337825248
337909043
337999592
338115138
338251662
338408073
339014177
339326468
339614203
339704781
339742687
339749406
340748990
340858820
341196634
342024702
342093708
342431999
342459272
343376249
343488423
343655959
343696740
344141006
344238542
344357318
344470317
344836044
344873204
344898490
344923471
345623891
346467044
346778326
347224954
348420073
348454866
348975208
349029407
349216734
350205316
350250304
351583711
351666762
352332119
352612125
353110950
356571716
357417782
357482237
358418732
358932867
359009458
359429236
359585043
359707397
359835433
360013941
360065983
360316790
360664580
361044970
361097340
361380683
361722777
361843655
362092306
362471511
362532625
362886778
363336988
363664967
364131751
364248384
364345313
364942943
365225709
365647493
365966133
366320906
366372783
366591580
368252398
368327794
368709844
368874914
369567314
369581649
369606684
369671093
369695504
370087899
370094108
